L1 480
L2 480
num_vehicles 12
num_zones 40
Lx 20
Ly 20
Q1 900
Q2 5100
V 30
Depot 10 10
IF 0 0
IF1 20 0
Dumpsite 10 60
epsilon 20
offset 240
k 6
1 3.0 13.0 70.0 395.0
2 1.0 17.0 98.0 379.0
3 15.0 9.0 98.0 315.0
4 0.0 18.0 67.0 338.0
5 0.0 19.0 80.0 329.0
6 3.0 19.0 113.0 380.0
7 11.0 7.0 69.0 343.0
8 8.0 2.0 70.0 363.0
9 10.0 18.0 114.0 353.0
10 19.0 0.0 62.0 386.0
11 8.0 14.0 85.0 392.0
12 1.0 9.0 82.0 305.0
13 0.0 7.0 92.0 394.0
14 1.0 8.0 92.0 395.0
15 5.0 2.0 78.0 362.0
16 19.0 2.0 97.0 365.0
17 12.0 10.0 115.0 330.0
18 15.0 4.0 92.0 386.0
19 8.0 5.0 76.0 305.0
20 2.0 19.0 109.0 386.0
21 8.0 16.0 92.0 363.0
22 17.0 1.0 87.0 389.0
23 8.0 0.0 100.0 306.0
24 11.0 3.0 101.0 354.0
25 16.0 2.0 74.0 312.0
26 15.0 3.0 97.0 334.0
27 3.0 0.0 105.0 366.0
28 3.0 1.0 83.0 373.0
29 5.0 4.0 116.0 332.0
30 5.0 3.0 83.0 325.0
31 13.0 13.0 74.0 379.0
32 18.0 18.0 94.0 387.0
33 19.0 10.0 80.0 373.0
34 1.0 4.0 64.0 307.0
35 10.0 16.0 70.0 333.0
36 16.0 14.0 96.0 329.0
37 3.0 17.0 107.0 305.0
38 15.0 1.0 102.0 300.0
39 3.0 13.0 113.0 349.0
40 10.0 6.0 80.0 320.0