L1 480
L2 480
num_vehicles 12
num_zones 40
Lx 20
Ly 20
Q1 900
Q2 5100
V 30
Depot 10 10
IF 0 0
IF1 20 0
Dumpsite 10 60
epsilon 20
offset 240
k 6
1 15.0 11.0 119.0 328.0
2 3.0 6.0 119.0 364.0
3 9.0 15.0 87.0 351.0
4 17.0 3.0 119.0 379.0
5 3.0 1.0 111.0 388.0
6 5.0 9.0 67.0 384.0
7 16.0 3.0 63.0 325.0
8 1.0 13.0 63.0 316.0
9 15.0 12.0 82.0 383.0
10 3.0 14.0 102.0 386.0
11 13.0 10.0 61.0 361.0
12 19.0 3.0 96.0 390.0
13 5.0 10.0 76.0 330.0
14 7.0 0.0 93.0 375.0
15 10.0 1.0 78.0 370.0
16 1.0 11.0 112.0 334.0
17 4.0 3.0 77.0 350.0
18 8.0 1.0 93.0 318.0
19 3.0 3.0 116.0 397.0
20 8.0 5.0 78.0 324.0
21 18.0 4.0 74.0 307.0
22 4.0 1.0 78.0 390.0
23 8.0 19.0 93.0 394.0
24 14.0 17.0 96.0 330.0
25 14.0 7.0 95.0 312.0
26 15.0 1.0 97.0 385.0
27 6.0 4.0 99.0 326.0
28 2.0 4.0 65.0 302.0
29 17.0 5.0 66.0 385.0
30 4.0 8.0 117.0 350.0
31 2.0 15.0 74.0 369.0
32 19.0 19.0 112.0 323.0
33 12.0 18.0 118.0 367.0
34 10.0 13.0 60.0 323.0
35 7.0 7.0 115.0 376.0
36 2.0 12.0 65.0 371.0
37 7.0 6.0 104.0 302.0
38 16.0 6.0 67.0 371.0
39 3.0 15.0 70.0 391.0
40 3.0 12.0 66.0 302.0